60659
30722
3177
51366
61545
28634
41086
55332
16639
30554
20482
52342
52548
32275
64308
1790
55267
58993
63725
47374
45525
37333
7173
54605
24373
17445
15000
21771
31074
43265
34628
16831
49950
4529
36557
14907
10066
19016
61598
55976
52866
19136
24209
25691
47863
46573
15051
49423
58711
63689
24770
60072
11349
57461
37986
26391
61231
55589
30211
54793
52630
62452
10225
5567
36127
51613
28866
48068
26095
21687
45260
8208
9104
45910
34648
794
23582
11869
18747
35862
5541
63568
9630
33330
12250
24249
61930
58455
52532
64493
29291
27944
21194
11276
42451
54936
53137
15150
9434
26681
10972
37987
18688
16156
11424
36256
13395
60489
43300
11318
25551
16826
2792
37913
34220
4951
27008
29328
26540
7287
61605
3796
63202
20617
49348
14680
11617
29041
44814
53372
4667
36334
30748
16523
30828
57427
33355
18484
16603
43029
13797
27511
36354
59818
3542
10431
35853
17954
48438
1870
22953
16565
23108
34624
56282
39682
16078
29341
11412
58024
56998
59457
10407
45780
61232
5505
57386
33896
60678
5619
17647
36287
63246
673
1898
10814
36534
18137
47972
28607
40022
51526
58880
1805
64105
4184
48370
31522
13196
63787
5973
4855
21335
56527
16771
57791
562
39102
10982
9109
19934
8502
19841
46883
48240
22277
65181
45594
43868
23148
50528
46138
45377
37467
19220
58900
15425
61107
22463
2867
2518
26026
43239
60822
15499
27645
52713
49318
47600
52721
20870
9731
27696
16387
33211
56633
57439
41498
289
6864
14886
62304
53059
12611
24567
34701
43704
59870
46598
9490
6036
21049
27282
17907
8783
12121
49549
27
20904
61412
37123
56594
31957
13611
10337
43325
13644
40341
44045
34765
43094
50305
55790
12013
50031
45552
39860
26515
43611
41441
32315
55815
20047
60922
27536
60379
1468
28373
1033
23015
11094
12922
58350
10615
1072
26166
37789
10967
59313
43244
61661
15824
857
10879
34572
49678
12271
27521
37253
35427
28720
42962
42466
32434
39456
58874
13154
3336
52984
56709
59264
7034
10581
57172
30259
23009
2346
15713
27789
24837
45185
23186
22213
50163
15862
12530
13643
9464
12801
17180
42985
4558
32086
16269
22457
13929
63572
10111
37430
46021
10443
16868
7623
46140
27617
7047
35952
53649
12346
2652
33043
28272
39093
14593
57251
44399
1166
60277
61159
24454
61086
7319
21347
51980
58631
36849
7283
65395
1314
10901
4018
209
8040
43670
63613
11736
5142
23959
7031
6747
63078
7601
29954
46438
24816
57175
8090
64317
9473
23741
63620
63148
6154
45619
16411
16720
24765
62666
50165
7346
59504
16398
60874
15922
53208
23176
32649
23083
16382
47540
35947
49078
9192
22306
28124
4622
13519
53210
43625
34661
60569
44855
31271
31468
85
30049
20596
33112
49505
59817
29577
16477
28577
2180
41120
49926
5217
28177
19600
57911
54167
30465
38358
6860
56287
36107
9094
5526
52013
44920
13767
33104
49909
26283
11572
14279
47343
63622
61608
3586
15726
3533
22816
63401
54365
37979
15191
10328
44530
47380
43890
46615
36576
28116
43462
36755
51441
19655
54791
49770
29552
27213
61629
31518
33263
2786
36709
33837
48937
25017
16223
34268
7202
49413
33670
55171
45146
44229
20980
20206
27278
24101
32705
24046
61665
44792
30950
47830
59133
29711
43074
18789
36820
49439
36864
34803
2699
52032
6853
13297
46533
26247
35661
31158
15782
55694
24479
59967
40490
50624
53298
46622
51380
40613
28479
43994
26552
62444
2713
4430
27071
9054
57259
18429
64690
49126
36681
60234
38622
39790
682
43576
43901
20663
42441
62518
53
62200
23202
56903
1793
6428
17760
41889
38857
25578
53589
20198
19871
22571
59921
28594
16509
35152
35078
1920
58571
40267
10163
55627
18680
18681
62894
3312
28303
35846
35433
12903
586
54791
10574
30162
40320
27259
9528
40031
5507
351
58254
50942
13048
56171
59502
7112
46768
1801
544
15674
33427
33578
31503
51223
30417
2544
25770
6463
27972
15601
56219
3406
16838
31124
13354
46996
1408
62547
32189
44615
2132
44964
49935
14814
62808
11484
62418
46709
45486
11667
59527
52145
20092
49172
29766
53790
13102
1165
52914
6388
41855
24688
46141
38008
6175
7281
43196
24686
10461
65011
41489
2849
22225
16563
43798
43269
9103
16240
33664
40661
2901
5184
60743
1232
6715
57809
56491
43378
37774
20435
37386
30971
5441
62653
20029
22930
37764
63564
44994
5666
47420
39549
19025
29786
39966
36096
63599
2217
11957
10009
6387
17992
35251
34831
3488
60701
39193
14565
9817
39956
13078
60719
49699
32974
22071
43794
65067
60660
44302
3469
18543
56072
24280
4339
43117
63453
14681
6557
29168
47012
59439
48906
22010
62854
62386
37899
45251
65514
54583
17676
27536
10571
29303
15135
33431
43751
40516
41581
985
2874
56292
34873
18594
17080
5196
27952
61958
32226
25602
30551
22002
55405
52413
39166
10193
33456
49857
58031
10894
62599
4572
35522
8967
42995
62681
24780
26400
7732
60169
43860
45045
64463
34149
15832
546
59332
12126
47599
57157
42941
45412
56032
44238
2819
40068
46453
34618
30818
61823
30789
9024
1137
39612
20929
2381
32208
55751
12981
22673
51332
44655
38035
24221
41093
51802
50260
3287
41573
38596
25547
40629
32695
40708
28139
24658
2021
49174
34039
19866
11720
26466
17997
25656
12940
70
52356
48929
26594
13335
4170
32467
39423
35380
256
50943
46627
12564
41432
46596
49
42228
17727
48669
31193
38917
55629
38977
39936
64126
45657
40718
20393
33125
6106
35244
4938
16616
10443
40138
21426
15830
14993
45024
24981
39025
17982
8179
50683
44192
5559
38019
31944
14314
56239
34908
17860
63381
34855
56264
34210
59463
13819
27021
23171
14257
22263
6502
38375
24415
2330
14963
18856
51503
9161
58295
51824
49448
54397
39312
18550
33005
64078
49659
64394
28149
9570
22592
61820
34904
9213
30713
45676
52106
12815
30967
34195
24644
11018
32379
20117
58878
59197
11653
59486
28247
14346
11613
64100
40138
42812
43978
30892
33780
16354
14622
585
36735
43145
24676
56641
208
51682
43847
24134
9460
6100
41018
40686
36511
28720
27144
49583
55031
57289
31490
61678
63096
40678
47313
20839
25540
16142
47629
22770
15334
32900
55520
13560
42454
9021
26628
93
64712
30867
5631
37709
39380
38366
30565
22671
4205
1958
